Some((
    red: 0.0,
    green: 0.056962013,
    blue: 0.0199367,
    alpha: 1.0,
))