Some((
    red: 0.0,
    green: 0.22784811,
    blue: 0.03417724,
))